49.927316 11.584452 41789.562917
49.927284 11.584495 41789.563137
49.927182 11.584384 41789.563252
49.927215 11.584287 41789.563368
49.927246 11.584298 41789.563484
49.927249 11.584312 41789.563727
49.926890 11.584422 41789.563843
49.926768 11.585422 41789.563958
49.926766 11.586658 41789.564074
49.926846 11.587955 41789.564190
49.927324 11.588991 41789.564306
49.927762 11.590224 41789.564421
49.927768 11.590832 41789.564537
49.927739 11.590851 41789.564653
49.927737 11.590882 41789.564826
49.928338 11.590974 41789.564942
49.929981 11.590517 41789.565058
49.931496 11.590297 41789.565174
49.932836 11.589862 41789.565289
49.933855 11.588444 41789.565405
49.934474 11.586576 41789.565521
49.934953 11.584689 41789.565637
49.935090 11.582739 41789.565752
49.935343 11.580781 41789.565868
49.935439 11.580245 41789.565984
49.935431 11.580255 41789.566481
49.935440 11.580203 41789.566655
49.935914 11.578434 41789.566771
49.936625 11.576799 41789.566887
49.937731 11.575518 41789.567002
49.938560 11.574017 41789.567118
49.939371 11.572878 41789.567234
49.940182 11.572320 41789.567350
49.941292 11.571501 41789.567465
49.942148 11.570811 41789.567581
49.943045 11.570203 41789.567697
49.943306 11.569306 41789.567812
49.943063 11.567726 41789.567928
49.942751 11.565896 41789.568044
49.942991 11.564947 41789.568160
49.943858 11.564169 41789.568275
49.944599 11.563709 41789.568391
49.944778 11.562656 41789.568507
49.944795 11.561385 41789.568623
49.944793 11.559979 41789.568738
49.945048 11.558542 41789.568854
49.945294 11.557241 41789.568970
49.945223 11.555814 41789.569086
49.945131 11.554172 41789.569201
49.945209 11.552480 41789.569317
49.945389 11.550746 41789.569433
49.945824 11.548940 41789.569549
49.946328 11.547252 41789.569664
49.946231 11.547168 41789.569780
49.946227 11.547150 41789.569896
49.946233 11.547117 41789.570208
49.946390 11.545461 41789.570324
49.946400 11.543258 41789.570440
49.946266 11.541123 41789.570556
49.945728 11.539215 41789.570671
49.945104 11.537674 41789.570787
49.944663 11.536858 41789.570903
49.944718 11.535253 41789.571019
49.944910 11.533481 41789.571134
49.945157 11.531640 41789.571250
49.945476 11.529744 41789.571366
49.945801 11.527872 41789.571481
49.946078 11.526944 41789.571597
49.946335 11.525924 41789.571713
49.946640 11.525249 41789.571829
49.947146 11.525395 41789.571944
49.947674 11.524936 41789.572060
49.948116 11.524342 41789.572176
49.948437 11.523755 41789.572292
49.948439 11.523437 41789.572407
49.948447 11.523444 41789.572523
49.948450 11.523483 41789.572639
49.948442 11.523499 41789.572755
49.948442 11.523499 41789.572847
